>>> midprices_tail996_panda = pd.read_csv("prosperity_log_midprices_ratio_tail_996_with_header.csv", sep=";")
>>> midprices_tail996_panda.describe()
          timestamp   ratio_now    ratio_m1    ratio_m2    ratio_m3    ratio_m4    basket_mid     comps_mid    choco_mid    straw_mid     roses_mid
count    996.000000  996.000000  996.000000  996.000000  996.000000  996.000000    996.000000    996.000000   996.000000   996.000000    996.000000
mean   50150.000000    1.005861    1.005862    1.005863    1.005864    1.005865  70624.833333  70212.925201  7896.263554  4039.130522  14393.087851
std    28766.473541    0.000475    0.000477    0.000478    0.000479    0.000481     72.921827     55.101311     7.007072     4.283664     19.107066
min      400.000000    1.004550    1.004450    1.004400    1.004440    1.004440  70473.500000  70090.000000  7882.500000  4031.500000  14340.000000
25%    25275.000000    1.005560    1.005550    1.005560    1.005550    1.005550  70569.250000  70167.375000  7890.500000  4035.500000  14382.000000
50%    50150.000000    1.005930    1.005930    1.005920    1.005920    1.005920  70606.750000  70202.500000  7895.750000  4039.000000  14395.000000
75%    75025.000000    1.006210    1.006220    1.006220    1.006230    1.006212  70696.500000  70264.500000  7901.500000  4043.000000  14408.500000
max    99900.000000    1.006760    1.006820    1.006840    1.006840    1.006860  70767.000000  70330.500000  7915.500000  4046.500000  14429.000000

