>>> midprices_panda = pd.read_csv("prosperity_log_midprices_ratio.csv", sep=";")
>>> midprices_panda.describe()
         timestamp    ratio_now     ratio_m1     ratio_m2     ratio_m3     ratio_m4    basket_mid     comps_mid    choco_mid    straw_mid     roses_mid
count   1000.00000  1000.000000  1000.000000  1000.000000  1000.000000  1000.000000   1000.000000   1000.000000  1000.000000  1000.000000   1000.000000
mean   49950.00000     1.005861     1.004856     1.003851     1.002846     1.001841  70624.781000  70212.881000  7896.237500  4039.121000  14393.205000
std    28881.94361     0.000474     0.031812     0.044964     0.055040     0.063523     72.782008     54.995803     7.005206     4.277752     19.158367
min        0.00000     1.004550     0.000000     0.000000     0.000000     0.000000  70473.500000  70090.000000  7882.500000  4031.500000  14340.000000
25%    24975.00000     1.005560     1.005550     1.005558     1.005548     1.005548  70569.500000  70167.500000  7890.500000  4035.500000  14382.000000
50%    49950.00000     1.005930     1.005930     1.005920     1.005920     1.005915  70607.250000  70202.500000  7895.500000  4039.000000  14395.500000
75%    74925.00000     1.006210     1.006220     1.006220     1.006230     1.006210  70696.500000  70264.500000  7901.500000  4043.000000  14408.625000
max    99900.00000     1.006760     1.006820     1.006840     1.006840     1.006860  70767.000000  70330.500000  7915.500000  4046.500000  14429.000000

