>>> midprices_tail996_panda = pd.read_csv("prosperity_log_midprices_ratio_tail_996.csv", sep=";")
>>> midprices_tail996_panda.describe()
                400     1.00606   1.00606.1     1.00602      1.0061     1.00616       70629.5         70204         7890         4037         14422
count    995.000000  995.000000  995.000000  995.000000  995.000000  995.000000    995.000000    995.000000   995.000000   995.000000    995.000000
mean   50200.000000    1.005861    1.005862    1.005863    1.005864    1.005864  70624.828643  70212.934171  7896.269849  4039.132663  14393.058794
std    28737.606024    0.000475    0.000477    0.000478    0.000479    0.000481     72.958348     55.128293     7.007778     4.285285     19.094644
min      500.000000    1.004550    1.004450    1.004400    1.004440    1.004440  70473.500000  70090.000000  7882.500000  4031.500000  14340.000000
25%    25350.000000    1.005560    1.005550    1.005560    1.005550    1.005550  70569.000000  70167.250000  7890.500000  4035.500000  14382.000000
50%    50200.000000    1.005930    1.005930    1.005920    1.005920    1.005920  70606.500000  70202.500000  7896.000000  4039.000000  14395.000000
75%    75050.000000    1.006210    1.006220    1.006220    1.006230    1.006215  70696.500000  70264.500000  7901.500000  4043.000000  14408.500000
max    99900.000000    1.006760    1.006820    1.006840    1.006840    1.006860  70767.000000  70330.500000  7915.500000  4046.500000  14429.000000

